3594
9999
22528
445
38198
49611
47452
1753
47170
36103
26840
46069
22766
44995
42852
38209
36826
30287
47264
6589
12134
25419
8348
3097
40674
18871
20296
21365
32990
8035
7364
753
20298
36255
8368
11661
47334
5979
18988
36345
5570
18199
31288
31413
34094
16659
15204
4417
33066
3359
43040
27197
2582
19243
40092
49209
17266
41191
25960
1733
35902
41091
32500
35121
18058
3391
45680
36589
790
17035
17980
34233
40082
20887
8984
33829
2814
35843
10548
26801
30266
9903
47840
2397
8950
12235
49116
35161
6258
19799
5400
11557
33758
45139
31172
1425
33994
38223
64
39069
4566
36091
43708
19657
33330
36279
24216
6549
28622
10227
7748
8065
35642
1823
3728
36605
4662
45531
7548
20265
19490
12775
24840
19173
34558
41155
46916
46561
46362
1391
40992
15037
14918
26699
6556
38889
42722
6663
28792
16661
27822
24083
31364
6593
14842
15791
40288
15389
27862
20507
14972
4105
42642
47559
20728
24069
45614
26707
34372
6753
40906
22895
24512
6045
20118
44411
46252
43881
16802
10039
11096
12405
16030
38275
17060
19153
41002
7839
7328
38173
598
15131
33964
24649
19826
2711
17032
39589
7198
25955
27524
23905
11802
33855
26896
19389
25046
22315
47276
42265
27954
9175
12440
5877
24526
40259
13492
49137
45690
527
41232
35533
10582
33963
38204
42841
19938
25207
7000
26581
42542
22355
22404
44657
10714
32863
11936
41629
33894
36443
39804
31001
24290
17959
28952
23029
34846
26787
14068
4673
17018
3071
15904
34605
28486
24507
30716
8009
18418
13143
38696
43397
40542
26899
43444
23217
46794
37871
46352
41421
166
39419
16060
12729
26818
2343
43336
20965
44190
22147
24244
34161
2474
24863
41824
43677
24294
27211
9276
26105
82
33031
45816
12245
40350
9875
27124
1233
37626
17951
18032
333
10326
26811
46668
12121
32274
46695
24872
4293
32718
26275
27876
7089
6090
11007
49696
35837
17302
10059
1004
24169
39938
19799
16872
2837
46782
1811
21972
43329
8282
26943
17792
14733
33798
38075
30652
26825
44882
19207
30360
24181
46254
16643
38164
49569
40330
7727
7744
13437
27062
331
44124
19513
37778
9495
26952
32389
30318
42531
21268
3457
24970
37103
40320
11197
22966
38315
46380
26521
26354
41079
3176
46597
14526
46371
29412
43393
8794
13311
37120
10925
5142
18251
22556
1481
17234
7527
21368
14677
45342
15747
31284
41249
11386
5455
34176
47453
12230
20171
620
36569
13186
983
24216
35013
15630
12467
21620
42385
22570
43519
30144
25661
36070
44283
49564
15097
27666
19479
49304
29221
28254
14467
19396
4721
49658
23791
34496
45085
36246
1931
44892
38009
33010
38711
43656
49461
44270
21235
30484
6049
17530
16175
32064
37101
20982
19131
15868
27417
8626
2999
12872
1157
14766
9235
48676
32161
13050
35967
13936
23181
28982
45771
10060
34857
4594
29767
136
48421
28110
39219
100
16865
37034
17519
25648
20317
26678
42795
7884
12121
40802
34151
19000
4069
24494
12595
44244
49297
32314
36959
48080
14685
23718
40459
21740
19513
4194
775
34280
3285
44126
43203
19316
45697
32874
18559
46592
16125
2918
25515
25020
13977
13314
7415
43896
25397
25422
14627
9620
39425
45690
40159
32
33693
3046
411
34892
40057
16498
46775
25176
17541
18606
35619
39972
36385
30682
7775
18112
11901
32422
20475
26844
1673
22770
34743
1288
85
18494
31059
10372
23281
49850
43727
3120
40861
49814
1227
49228
1193
34
31223
4840
23941
44446
46435
25012
4801
30874
43007
17296
42525
13574
41099
3212
14985
23266
13799
8776
43285
38558
5155
24116
28225
32602
30591
10896
28941
28886
27803
42860
46009
21762
35047
41864
37333
30206
14915
49428
38849
25002
49567
24160
40381
45014
27403
5084
16665
43682
43367
3240
1301
1534
23123
24164
37297
5594
35743
30784
19949
4438
7979
6892
39625
38834
41239
26008
35477
17406
40563
1204
16705
45754
4831
22592
1709
7398
28699
45468
8793
37682
6999
26376
17941
40894
30467
44932
5569
38906
11647
23136
701
8198
46187
43532
3785
34130
34855
17256
10933
30526
32179
12132
21281
33306
37295
17648
20253
47990
4539
33068
31833
16418
23959
6456
869
22126
16579
180
27441
43754
30127
19472
39165
19318
40747
684
48617
14370
18423
44872
20117
43358
42451
10644
7521
2618
27519
33664
3613
47014
8363
21340
49225
48530
13687
24680
21605
27326
13795
48420
36641
38842
13183
37888
16221
1798
49275
4652
7225
43762
29239
26584
16949
12654
659
36276
4289
27082
23535
15200
24189
16710
35611
43084
30089
27442
14983
712
32821
21550
31043
11156
5281
17658
2175
352
27549
710
39627
43788
17449
11298
40311
15752
35557
10830
45379
40612
27889
2986
25439
11632
941
3222
9259
25852
15577
21362
1415
39848
34693
1870
3843
3700
44801
47530
39583
15408
49981
28678
22603
18492
7401
30754
25767
20552
41221
44206
25427
38228
34897
35994
1743
7968
33981
34710
11579
9244
36169
5986
47671
1256
23957
15614
27955
21652
39617
37866
2655
45472
23261
30342
35595
41212
43577
23394
28151
18440
30373
17470
49859
37508
36625
5610
5727
26736
20925
5942
18731
44908
44377
31794
46855
15272
12149
42126
24787
4420
28881
21914
37055
6832
35581
49654
42587
2796
48153
1618
7479
8040
46005
1918
3379
26180
1009
48826
41791
11632
5949
27350
16171
30188
15689
39458
10487
15160
8309
44654
43283
38052
8369
7706
23215
2352
5341
30822
17803
39788
32633
18962
9479
7256
45909
1806
31875
21316
34369
11066
16399
8336
15325
25974
49595
7180
31273
45378
1207
4408
18037
2110
25331
36052
45889
10762
43631
22416
48445
33718
44763
17132
14201
3746
14647
22456
34437
37054
39587
17444
16001
45242
20783
17344
4589
28166
23995
30028
10681
39794
17367
40376
11733
25422
22115
41268
47633
37738
14623
10336
44653
17526
875
11820
15721
41778
38247
45640
30741
44190
41939
38436
29937
11754
30943
9376
11373
25942
21899
48572
46441
4082
41143
34296
7301
9422
12355
8596
43713
37370
38223
13296
4877
8038
22843
45596
32089
26354
30311
39976
34181
25406
47299
2916
34129
13082
7647
41728
19869
45222
1483
41052
36761
10754
24071
328
2853
48254
419
21332
35329
14938
34879
49648
3885
46710
7611
36844
14825
26498
42935
37912
8917
33150
39683
42500
7617
25546
47375
25568
11773
43942
14811
14108
35529
40754
1511
7448
10357
18078
18211
41172
13009
34154
26159
39728
30301
7958
45067
31404
3833
34130
45687
10360
15669
35534
47939
49908
2417
32954
46783
8640
16285
29350
6891
3724
2313
31570
10887
43912
40229
28958
23283
25508
40257
49866
18399
25984
20253
32806
18987
37164
28345
16898
10199
47512
29957
16334
9267
29908
26225
11194
5535
43504
26461
8950
49323
40636
2361
30066
8039
1848
49445
39326
49779
43780
18961
24410
36351
36496
41021
27942
38795
41356
5977
32642
42871
9784
23861
43230
22051
49316
8769
42698
7119
34704
16509
22262
6651
33980
6601
6002
33575
27256
42485
25166
43027
43828
40337
12202
23183
36864
23741
33014
24155
9612
44617
31282
18519
45112
613
32270
26675
4292
2753
19274
20735
25248
24493
9062
37307
38588
25289
4866
12871
36360
21333
43534
23059
35540
34929
40554
6831
46560
46109
36982
38619
2316
6889
2930
46727
38008
44597
49758
41059
18452
32913
39274
33055
27424
35981
7494
9019
38636
40713
45986
6071
15608
1829
2686
21091
40852
21665
46154
33647
21632
17917
11766
5035
25548
44745
29778
38199
10504
20405
11310
42419
28404
29665
25834
32815
41040
33101
23254
49755
12108
41785
23474
25383
5320
14613
25598
11283
10100
26097
39530
17455
38352
45517
28598
5547
14732
49465
17858
22999
21208
40133
31854
18211
31860
12753
10522
9871
36128
13725
10406
30427
49980
4857
38930
487
16040
3237
35502
10739
5668
12161
5050
7791
26864
49117
8966
33483
49100
18009
14338
47719
48952
13381
25630
32483
39524
7601
31450
39791
2944
21341
5974
32187
5276
30201
2386
46775
44888
26053
38590
46803
19284
33121
2810
38959
4832
13725
39078
7819
38172
19369
41170
45607
42792
13605
23486
42227
23204
45313
19754
15615
35616
47885
30886
29131
42124
6473
30418
30759
26504
38917
6718
39763
20132
14273
16746
46383
9200
38205
39046
7771
35276
11865
11442
17383
39304
11765
5582
14675
16756
29025
12170
15151
31200
49149
37142
21947
21292
28009
32626
37367
15752
27893
44702
20147
6740
3889
38282
1199
14432
1629
28294
5499
6732
9497
29378
31239
45288
26325
1390
10003
17028
34849
38458
35567
41568
28429
44294
37915
31004
28473
7858
2647
4072
43845
6670
27779
39684
22273
33626
8367
15216
14221
25558
17051
47260
31945
6690
8375
36824
39605
6990
31331
14676
10929
18570
40559
37872
19229
3910
14555
5180
47209
30690
14711
20424
549
13358
30019
41588
29057
43770
24911
10112
33709
32534
34123
29980
38217
29874
3815
28456
31429
16830
9315
13348
44737
13594
30479
28784
19853
17814
32331
39788
45593
49538
46439
30344
43877
34814
36227
29828
5905
17194
9919
17904
15325
230
25947
7356
9353
26562
24647
37656
12773
42910
16611
45092
45777
9402
39503
43200
25165
36198
14651
42844
7977
21250
5479
3240
32613
6750
16947
33828
23809
9866
23599
10304
27213
28966
37403
9308
32073
31874
12727
2120
7525
29246
37059
4004
46529
33002
36575
46592
44829
9510
45163
34412
40745
26514
17895
28744
40341
15134
34723
46004
25793
19834
27279
47488
3261
2022
23611
45100
49721
39362
44679
29768
21669
2814
30147
46228
34209
2538
26351
25600
36013
21158
459
12956
5961
20802
10871
16712
20853
11598
29635
2580
11505
18986
17999
41616
23917
2934
33579
3340
43081
66
15543
32392
7749
39902
31955
39012
36305
43642
30959
36144
18797
20214
1019
38988
5017
722
47303
30872
9093
47086
17411
36420
1681
36698
10271
9664
49837
29958
8315
16444
505
38866
38775
9304
15813
33406
38803
29892
18689
6730
24591
5312
45357
5062
42971
35068
11337
4018
7559
5176
37509
39150
24963
7844
7329
10778
4319
5184
6477
15254
32715
13468
47785
6370
45303
29096
43413
8238
23603
26564
19265
17002
16207
46768
30781
7990
49979
35804
21321
9570
40423
43800
35109
21006
21203
23812
44193
20170
17839
35600
445
6646
35563
34572
985
27026
18119
14232
35605
6862
2211
17012
32561
39850
15887
44400
38605
26006
21355
20556
19753
37394
13095
21144
45701
26126
18931
18740
34641
17658
20591
11264
17613
34918
37643
15612
14553
49122
42279
41992
1301
2814
723
16676
41489
32746
19423
19616
12573
6374
299
31676
14393
14994
11191
15480
10597
19998
23891
22740
23073
48106
33455
13696
25949
13814
19979
20844
48617
46674
20311
7992
13269
3534
4531
20340
1937
27002
23727
46752
10285
12966
22955
22620
35033
11954
37799
8952
1317
34718
18419
45268
25921
46570
13023
44640
23629
22742
7483
43868
36281
33890
23159
29960
42725
15774
42915
17540
8177
46010
26831
37664
36845
24374
18411
42540
17145
4402
31719
36632
20533
18046
45091
23236
48945
40186
16063
25120
22685
7718
34363
23036
32681
49762
6535
44904
40149
45598
21747
27156
43809
19706
46127
40784
28509
20390
9643
18988
35529
44194
32871
37464
1125
34350
5779
22900
20881
46282
35999
48272
16301
47718
45067
41452
14985
41714
11863
43704
4469
15678
22547
29172
15409
36458
49183
8416
1741
11878
12571
8860
20665
23378
49591
21560
40773
30958
12595
38916
25201
24266
32783
25568
11517
20086
43339
28860
16985
13714
30743
4760
14821
47054
4371
16564
641
9418
22927
13088
4157
10902
2411
30156
25065
42434
41335
34664
33717
37214
4243
45284
34705
23738
2079
6944
29229
3366
26811
42460
10857
11810
7783
25752
47845
28318
19219
43412
34737
9226
5407
31200
47229
44246
15563
12924
7865
25682
3271
27336
38997
32718
46019
27108
28817
2730
41615
28912
37837
40822
36059
18796
24457
39538
37767
41880
11333
46430
12035
9492
6721
31306
19439
9376
22637
22598
30427
16556
32937
39522
48039
3064
29509
46382
29811
31540
8049
44058
16591
30912
20541
42326
38251
22812
8617
25218
18487
25864
43285
38606
38003
42980
45889
11274
22607
14464
4157
5014
19291
28844
3481
6898
6695
19208
42005
22782
40451
1428
29537
20730
26975
40848
23453
710
43499
31500
18905
21010
47911
19704
45557
7726
45251
1396
3569
26826
41855
49888
11181
34454
47387
48684
12025
10130
12359
37000
27093
6750
39363
8020
38801
14186
8447
4960
23837
41766
39451
252
34809
21154
43367
36568
34805
5982
25795
3364
20417
46794
20655
40240
28845
19542
40187
5260
40425
4434
15623
20600
181
8782
48211
1908
37985
30650
14159
25248
30109
6950
22107
30156
23257
10082
39655
42552
41541
35822
13651
46852
9121
13850
5487
13040
38845
34566
32459
37916
25273
37106
19143
5336
23237
38686
31603
27492
1265
16538
15679
5696
30893
4326
32299
700
7801
30658
23639
24920
26485
15358
4019
24580
21697
12746
26655
33328
36733
37718
2859
32636
9785
46578
43991
29464
23029
22878
14387
9460
7553
10346
2991
21456
45965
7622
2859
37068
1321
33234
33303
40216
15157
28366
17747
24964
32193
34778
16527
2720
15565
35558
22987
3804
25561
28770
28711
2408
40181
37086
30707
49956
9681
8058
34495
34256
25309
7174
10507
25548
21433
42946
25047
49800
29637
42526
19571
14820
3985
30618
9535
26704
33197
34902
7387
10556
44473
4386
13911
2872
45525
6350
24947
30468
48865
13146
36063
9696
61
8982
24907
31772
8729
42418
40039
34312
23157
23886
17171
39364
39777
23834
40287
47344
44045
41878
14491
7724
25833
1618
24967
14376
24693
38670
1731
10884
38353
20218
19279
17248
15213
35654
25963
33420
26777
39058
5159
28264
13749
22398
27523
40452
30657
13722
30047
44224
33677
28278
12027
12188
19225
23442
5671
6072
27173
41358
24979
13140
48017
15962
46847
12960
13261
9110
2875
36572
10233
31410
47463
3688
48709
36382
28787
36452
24337
39770
255
17152
1517
32502
27963
2876
12617
30322
18231
1928
49013
4686
18851
37572
2465
27258
16239
6752
34205
582
38731
9356
34025
41858
13367
2840
7429
14414
24771
43316
23265
33546
40767
2512
10845
25910
33211
37116
33305
23858
42327
28840
18357
35534
451
46564
49281
5770
10639
45120
31901
47910
9563
48300
27817
1218
407
37256
32213
4382
45875
3508
36513
16810
27151
24208
6093
29174
25275
34284
47913
14082
26055
17576
9909
39150
47123
48196
41729
44298
47055
12080
24061
20950
34347
45628
27897
15090
40887
23288
13813
3486
32739
39780
11537
3402
36095
42720
12845
28630
11899
42156
45097
34866
36871
2776
45877
4686
29155
45300
38753
26778
44559
28224
43197
23462
25947
21964
42585
29266
35527
47512
39541
41886
35299
19636
35121
47354
11759
38752
35949
27222
27419
37852
19193
44866
8759
39304
29621
3310
27075
20052
4977
28282
6991
18016
34733
7574
6523
9980
2233
31618
19815
15784
27861
15406
14675
5332
33377
44778
1311
30528
12349
10854
15467
9596
3865
10226
28711
34952
27413
6446
48003
49380
10705
48666
23903
9792
26189
9318
24827
38044
10169
33858
31303
22424
11093
3774
40339
22116
4449
15626
2095
22848
9197
48390
29915
8604
4809
21874
17543
35976
21269
17534
24707
38612
49217
27978
1375
34816
41645
29446
23499
11980
41753
22482
25015
47384
19061
18734
9299
6340
35809
4634
30815
40736
41149
7062
34875
13548
34345
45522
48135
40616
22469
6622
17491
6068
34881
15642
32143
45520
19037
36262
20827
17900
11673
25122
41687
41784
12741
21342
27859
23700
3313
14026
37999
13088
36717
38006
3755
16092
42233
37074
11783
18280
7093
43070
13251
31172
5985
330
26415
47264
11101
13734
28987
35724
6649
10546
5879
43320
49669
39262
46211
996
39441
20810
43535
22672
21917
41670
20203
36300
35801
44514
903
25896
48725
29198
24531
5396
21905
13738
11871
32928
781
11494
3099
42012
2729
5010
27863
43560
18533
15822
7491
11668
48705
43130
34783
5184
3917
17814
10811
38988
43465
39666
9975
6024
1157
286
41411
15908
32289
44106
19199
48320
18525
45782
24875
40780
47993
9554
2679
20648
5525
28254
47779
22964
41297
6618
33871
17488
36445
15510
46059
18316
32969
2786
951
6040
15685
23630
46915
28276
41521
4458
46559
44064
42285
15798
2619
15388
47145
16354
43783
23896
44341
18510
13395
15124
16737
45338
14991
35728
4381
438
22075
13196
28681
37970
21495
9896
24757
430
33363
20116
43313
16250
43231
6416
13869
20054
21227
27596
43273
42370
32103
21896
48885
28798
43603
46788
12929
17194
37103
24512
23757
20294
12523
8236
42409
24098
20391
38120
41029
47550
20611
31092
4353
7482
27855
26448
6237
22726
25835
34860
1497
28402
34279
4408
30565
638
37907
4996
40753
21226
27583
432
40813
23030
33067
92
9881
14834
14839
32408
8309
47518
37811
29268
46065
31882
2895
48160
38909
21894
37227
23036
43561
40034
18071
14120
15589
42158
38755
22484
417
48554
31279
34896
49293
39558
44203
13820
21561
37682
23159
3736
17909
33118
40707
44756
46497
33370
6527
19424
29853
14006
20075
22732
29593
33986
3303
31240
26725
43502
48835
10388
46865
30490
28751
35888
6797
49158
14779
36524
24537
28578
49383
34248
7701
2798
45283
3364
5729
31594
44399
24688
27245
12118
49291
27548
9049
41762
43623
6200
17893
27774
30131
41892
25313
23130
1679
47968
2077
15014
7531
33708
36985
13650
15015
26312
30357
37966
26819
9300
45873
19098
7871
3216
43117
12246
25435
42188
37065
18706
12039
42360
23221
18334
38515
2228
35713
40058
33807
20512
37741
15974
29083
220
1001
28402
9975
35224
2405
2990
4483
45172
45665
30506
22127
46256
20653
9718
9307
17052
8105
44946
32679
31544
41637
20558
39155
5028
17345
36938
42703
22176
30253
30198
44411
42012
13417
14882
42599
3800
21525
27902
6739
5636
38577
41578
15359
33520
33245
49174
5595
48236
5017
9042
14439
17560
35925
6430
24755
25972
32465
25978
48943
41840
10877
36102
13323
44380
26745
6274
39639
12376
31957
42990
22291
31044
31057
19210
15935
47648
35437
41862
44635
42940
17273
6098
34631
32680
49077
29950
46371
36436
31713
11466
6927
5904
7437
44118
21275
21020
16473
44194
28967
26920
9093
44206
16435
40148
35233
4138
37935
41504
29277
31046
17003
37708
39081
6946
5335
44808
5237
29022
16243
36196
21409
38826
39471
44640
45261
47638
30315
14028
30121
11394
23223
1864
25829
43166
14707
30100
18913
12826
46559
21824
47021
27542
39867
47484
4921
22610
40695
26664
26053
7214
39555
3428
30849
27322
37807
41248
30829
6662
29083
27548
4537
48114
20759
27272
2565
35390
34643
27396
5585
34634
9071
15568
35725
23238
40635
32908
20361
38898
38679
3896
30677
17406
14435
28356
11361
21002
11583
32800
34477
46854
107
45068
48601
35730
3751
14376
39909
48414
4963
35988
8065
18298
43855
37216
39005
43926
6011
32076
47593
50
32967
22376
34821
45438
15603
46900
3601
5050
5215
10240
40397
43190
35211
11180
10521
46754
23735
44632
19621
26382
13683
6468
27553
2746
37711
36880
15277
48358
32939
13372
20841
40498
25655
15496
2645
26462
11667
23380
36609
23082
14239
18384
47581
20902
35515
16172
10537
28482
16071
36072
37317
45454
25411
34180
4577
18042
12207
36784
19517
27302
27659
22636
47305
3106
19959
36872
44869
12238
13235
34164
12401
8906
2607
21328
17933
37238
46971
28732
41865
35698
18183
44248
19765
15694
14995
9220
36289
19034
7327
11136
5149
4486
7595
1404
5273
38226
20215
26696
37013
36542
42099
372
22321
21114
19983
37984
28157
16054
23883
13244
19753
14322
19559
27640
23941
29182
16579
34676
24577
35354
47823
38960
5805
37542
32171
36908
46953
20994
119
29032
1157
702
12051
6116
12449
43082
16207
40192
2461
30518
48091
12492
48777
18706
43511
15896
4325
10958
8195
24740
27009
36826
43215
2208
35325
48822
4699
43836
29289
34034
839
41816
7829
37118
48067
30260
19137
15674
44127
3664
45261
36758
10731
31308
5545
43394
32711
25240
46549
2670
10819
6596
24129
35354
5087
20352
22349
27286
21435
17164
48553
34754
48311
49560
40469
12094
771
30068
17121
4538
6767
24336
25773
40214
13179
2924
22345
41362
30007
42120
32805
45278
38371
1236
2161
330
46143
15792
25725
28502
5227
45676
6697
38050
4183
7000
47317
41246
31027
8500
3169
32810
26511
35664
26125
45638
33403
39916
20793
6722
14903
39560
10085
11758
31363
9940
35713
42282
13855
32096
2749
7350
5515
14796
45001
33602
13927
40040
40469
5854
42643
30564
47025
14762
43215
24032
10541
24390
8667
15964
11833
41074
33431
45400
39237
25342
7843
11444
6017
12874
7759
49408
39981
34374
48331
37404
10425
18578
8727
43864
29525
21102
49667
39668
7761
39450
48799
29696
6157
47142
37419
34092
44793
20802
983
6760
28613
42222
44211
13828
49041
21258
28511
34448
38781
13078
36299
5724
21961
14930
20887
34824
21589
542
42739
41268
32833
37066
36303
13136
4909
33878
26459
42076
41977
29778
34071
24632
421
34254
28051
19924
41025
35018
45183
25104
31661
13574
48635
40380
4281
35746
1127
32200
3973
40686
21795
19220
9025
45290
831
38704
12589
37542
10123
17036
47721
26658
33975
37528
40725
6254
6243
28260
46593
45578
11615
12192
47693
5286
7499
24044
38681
1602
18583
9144
45141
38302
14307
36724
28801
42938
38607
40976
48845
10390
49339
13548
45689
44882
4039
3240
16741
45998
2259
33060
2401
36442
33711
40400
13453
23302
28939
35084
11193
41506
43511
26328
27413
22174
23395
1732
23953
33610
14271
8400
30829
37638
14331
16476
25225
8082
48727
34376
43189
40574
16163
22356
34433
31306
34847
8288
3965
2966
21003
12972
30825
24658
14583
13704
14261
37694
12419
596
48305
45690
10879
16000
23197
37462
35563
4492
47705
31970
40919
12824
14997
10030
8259
48116
25297
45002
40463
992
39869
11638
36571
26524
44969
12338
22535
22392
49365
45918
4979
49012
11361
47754
12607
9024
38109
43702
20091
35612
47481
22450
21911
41640
8245
40078
48147
39764
45041
18090
10767
41168
41197
33286
20523
22956
41289
23314
41927
23736
7557
24510
33971
41076
29249
16810
22047
20240
17933
6806
1563
29900
47289
11154
471
26808
29221
16686
15667
38772
37633
14026
24383
4400
23597
1190
11627
11532
44889
33842
16679
25656
43877
446
42531
15636
39185
21002
10207
18992
19837
26534
40219
35820
26489
19906
21079
11832
32661
41486
33603
32308
1777
4698
27407
3792
1165
15238
7947
13564
38441
44962
8183
39944
44517
33662
387
24532
1361
19610
16511
28496
31197
35606
39243
47532
2825
45314
29335
26792
2565
15422
2275
35940
9153
20426
35295
6320
1853
7334
1435
12412
42057
32498
46247
48616
9525
49758
3859
30708
48945
29402
47855
42192
36893
32406
28411
3948
49721
41474
39255
39288
5029
39694
30355
43636
3473
31722
30975
48240
17469
9638
43339
36188
48825
12466
29095
37560
20101
24590
8563
26452
19841
25578
13199
23744
19309
15574
47739
6028
13577
20914
33271
19848
2709
13870
21347
12356
481
1178
32143
36976
37325
36326
45147
8700
24809
26610
39719
12888
37653
16030
47651
15156
24929
7178
39919
7040
41037
15766
13835
34076
45529
3650
44935
26520
5765
21422
37107
42868
6193
47930
42207
176
48237
1830
28587
49452
24457
6866
45879
17288
21093
48558
13571
29556
30769
48026
22863
29840
13117
30246
2603
13148
20633
834
9863
37576
5509
27838
675
32580
31361
16842
32047
19360
877
36246
24683
22700
41545
9954
103
14616
26837
29614
25363
14436
9601
13082
26239
33776
43149
5590
187
13052
1385
14754
31143
17864
23461
31566
10739
40004
42417
26618
24607
45328
27069
36278
41051
4748
41881
33730
40631
38008
8805
32302
12307
9332
5697
42090
48079
47056
36237
21334
36619
33884
40553
38834
47575
19752
12293
31310
9875
2996
12417
20746
10303
33696
38845
30646
11899
17596
14249
834
23175
41768
34773
29038
29331
49476
19953
14986
22127
34464
44989
39974
283
35900
45641
23986
49079
15832
38533
40494
49955
4164
19153
16554
48911
43008
45741
14678
15323
27996
19465
41394
21863
16776
20021
26142
42547
32148
8001
3786
49599
15600
3165
39670
24395
42348
30777
13202
10343
15272
16213
40094
10387
38164
13393
23450
34031
19328
38445
310
38715
32044
24025
43026
45591
24136
43685
11950
27363
49380
14801
21642
17423
12992
7437
31542
1467
38524
32121
39666
41767
31112
39573
43102
28931
45348
17937
8330
11327
11648
37853
15142
12411
20588
33753
18130
21671
28824
16053
40462
18483
6196
41937
5546
46351
35744
36573
43318
49659
20828
41513
44994
37575
30264
17653
45470
38179
10820
44913
11930
44879
40128
46013
2438
26987
46524
26505
37538
12183
49688
27621
33230
44499
35076
12081
17274
10143
30480
15901
18390
15611
32300
6473
28290
44055
49864
6997
26110
46371
49028
12129
33418
49887
27856
11533
5718
16907
41148
3113
45922
47623
8504
33685
26526
44243
31492
20881
9738
32735
31344
18253
49462
37019
43436
13849
29794
25911
47272
27061
13246
38339
35524
26721
46746
43615
1792
15117
17814
8635
48748
19145
45442
43255
14568
2453
6878
15843
35668
3313
10634
23775
8112
47613
45846
30059
4076
38873
14530
48967
16424
45749
34414
9155
8852
34209
16058
10799
42768
381
14518
6171
24716
4089
46690
32759
47400
34229
10126
34019
49876
33
5146
27679
35376
4525
16166
2907
42460
47049
21362
31111
22424
44821
33758
46835
18660
3089
47578
5535
1840
25741
3638
39163
36492
24873
17746
935
40392
42229
5070
33731
22084
6433
3242
39983
40656
4333
2006
7627
15228
24969
47586
41351
33304
36245
4734
49635
43940
23889
21370
32095
16640
46173
43238
48443
13564
5049
35122
999
29864
4469
26174
9235
11364
41825
5082
41935
38992
9885
44262
5579
24716
15849
31634
17111
20968
30437
6462
25107
24788
26465
42282
14111
12320
15101
40694
16843
31116
23849
31874
38231
23304
29173
24510
48675
39780
46609
36554
32255
32000
30589
33142
2011
35308
1289
19426
14231
11192
725
31966
24691
14292
46353
22650
42687
608
48861
2694
21083
25436
32537
16786
35383
31128
5717
34110
33139
40500
17809
47386
28079
25168
40653
25462
11467
6140
3161
31666
39671
16328
18885
22638
42771
26644
24769
16890
44639
30752
12237
2534
47179
45804
39001
22482
17271
1272
37333
4670
36659
9684
8129
12090
14959
10560
28141
10054
42379
25692
30777
12898
18807
2600
19605
2830
16675
5380
42257
35962
47903
4928
221
45526
8683
19900
22217
6370
43479
18248
24757
18846
10803
4596
25009
29018
13215
17760
44973
9654
28827
27196
73
49746
29079
40104
2373
30798
27619
38788
34097
49258
47887
46480
5309
37238
28443
36508
34137
33346
24711
20440
32581
42254
15491
44548
16161
4954
11583
46576
24221
29014
32427
39580
16313
2674
31751
35512
14181
29518
16115
10852
9489
954
43007
14384
33853
48902
22251
47404
33337
9442
41031
104
22901
39822
5475
44548
17681
37818
33567
17040
29165
5846
24091
20172
23145
6930
7447
49368
15877
22222
32915
33956
48721
9066
49151
39728
23357
34710
49787
32764
15833
49122
22679
2424
38965
25790
11155
48004
4993
33018
37439
2112
4237
10822
34971
21996
37193
5250
4263
28792
32165
31454
21715
16180
38705
42
33327
5584
41533
48166
30027
1164
34265
40690
19255
27400
36933
14654
5875
44020
9201
20746
16239
13216
41373
13926
5515
9180
13465
15154
22359
42072
35253
29070
36451
10356
38385
24170
31903
16192
37245
9382
42187
6876
30601
47234
14183
27016
38709
2926
24163
32804
17089
38682
48719
31056
29069
1750
20059
8844
13593
45298
13015
26776
28501
3534
24003
15012
45089
40170
31423
29664
23213
37782
42075
48924
18841
39330
43895
41720
11813
20078
25251
11204
37473
49290
13807
6560
4269
42902
39531
42860
3945
11826
45927
25288
11829
42622
7843
40724
30065
30602
21439
7040
9661
34806
12091
22028
35017
12338
11351
48536
5861
28542
46851
19876
35793
22522
27087
28176
34125
22598
507
45148
7513
5666
25559
15624
49957
49774
38035
26468
2001
36458
41679
46880
20669
19446
43931
49308
38137
2754
22519
11064
677
23710
18675
46116
15873
3114
20671
20928
49645
9014
747
45324
19321
8882
8439
30616
21461
45038
24883
39620
43505
22570
34879
34320
27821
9062
6827
33228
42889
4562
34487
46776
6293
286
14323
38324
37217
26938
12383
13712
29341
19638
13659
17756
6425
11026
2215
6024
18773
31422
21635
26900
8273
45850
43951
42016
33853
37622
45659
37356
35993
3826
21815
27016
14837
18638
33043
40596
32305
21002
22111
39296
16525
21270
22891
48860
8857
43730
49303
31480
15477
27598
24483
29780
22977
3402
47519
45552
21709
38406
32843
4604
43497
9506
44775
9704
47701
23038
1619
25428
22001
36154
19919
17024
1069
47318
5035
37100
38681
11522
44183
488
15365
35198
6211
35428
3617
762
42623
8032
38189
11302
32795
38988
47129
39938
32055
6632
41077
6126
6131
11012
16497
48970
28879
2816
20349
13206
46923
10284
47289
28306
48807
43128
3381
22462
17139
9412
38225
954
10127
12784
44893
4566
37467
7516
34297
20002
29815
33464
28661
44446
26547
10292
15313
42570
39535
7408
9245
18262
28331
7324
41753
48178
10839
43352
28325
39646
49587
29348
20513
24490
255
13360
33629
34006
15403
38300
48089
306
2631
26088
24357
29262
18483
15556
23649
42154
27199
44464
33789
10182
22923
29180
17529
33666
29063
5336
36501
3614
6115
1252
49873
17610
14351
33536
43709
13798
10795
38796
20921
21650
791
23320
23221
19390
15091
13844
35089
30410
19247
14224
22925
3270
46363
22508
10345
37490
20679
37128
4421
47838
33171
26836
48673
49450
4879
34608
11949
8374
45371
44860
40889
49618
24759
1496
34165
5662
25171
37892
16193
13866
27823
21744
21341
12086
9147
12364
44313
38098
37655
33352
7045
4158
36499
36212
44017
31226
43663
47152
39021
47830
16507
20748
18121
24578
28007
8120
47253
45518
1411
48836
6497
24778
32543
7712
19341
32262
46475
35852
15577
4130
16727
26152
15893
38318
14787
5188
3281
48938
36351
22912
23101
45222
32763
42764
2073
27090
47831
42680
32757
28414
5795
36212
32977
19242
16031
33984
22973
44278
38379
42124
26905
29010
13047
600
49989
48078
10611
4324
48577
45130
40655
33856
9869
12918
44699
32908
14233
13442
23591
9480
24805
27710
27843
18900
30177
27194
11087
32640
17549
26038
24187
42380
35801
30946
183
29288
25861
14158
9491
49876
41345
38074
49055
38528
42509
29894
13115
41580
16361
30114
29415
33048
5973
32430
32723
26884
20081
4298
36223
5984
3181
40294
2523
26220
40041
35634
2823
38680
41189
17534
39891
36500
16001
3530
5151
32992
44413
40790
42699
47580
7657
32018
24199
40840
21749
13614
12195
3140
14945
46410
44719
42896
27485
30870
33195
11644
8489
9906
14071
8168
23861
37550
7811
4548
11697
41098
21903
16240
36477
23206
30139
25404
43945
47906
35255
47832
32421
9854
1907
35396
49057
24170
40975
3424
18285
25494
18011
45996
16633
28082
29095
21016
31973
3806
27603
39124
24209
42458
29743
24784
4397
37702
33307
11596
36729
48610
24663
22872
12133
41758
30451
6132
45089
33002
31455
544
18205
33910
36315
5020
11993
6562
26887
48008
39365
11566
8451
21028
37697
23130
10223
49008
14077
10502
35723
37452
3193
