32
33
34
42
50
61
64
66
73
82
85
92
100
103
104
107
119
136
166
176
180
181
183
187
220
221
230
252
255
255
283
286
286
299
306
310
328
330
330
331
333
352
372
381
387
407
411
417
419
421
430
432
438
445
445
446
451
459
471
481
487
488
505
507
527
542
544
549
582
596
598
600
608
613
620
638
641
659
675
677
684
700
701
702
710
710
712
722
723
725
747
753
762
771
775
781
790
791
831
834
834
839
869
875
877
903
935
941
951
954
954
983
983
985
992
996
999
1001
1004
1009
1019
1069
1125
1127
1157
1157
1157
1164
1165
1178
1190
1193
1199
1204
1207
1218
1227
1233
1236
1252
1256
1265
1272
1288
1289
1301
1301
1311
1317
1321
1361
1375
1385
1390
1391
1396
1404
1411
1415
1425
1428
1435
1467
1481
1483
1496
1497
1511
1517
1534
1563
1602
1618
1618
1619
1629
1673
1679
1681
1709
1731
1732
1733
1741
1743
1750
1753
1777
1792
1798
1806
1811
1823
1829
1830
1840
1848
1853
1864
1870
1907
1908
1918
1928
1931
1937
2001
2006
2011
2022
2073
2077
2079
2095
2110
2112
2120
2161
2175
2208
2211
2215
2228
2233
2259
2275
2313
2316
2343
2352
2361
2373
2386
2397
2401
2405
2408
2411
2417
2424
2438
2453
2461
2465
2474
2512
2523
2534
2538
2565
2565
2580
2582
2600
2603
2607
2618
2619
2631
2645
2647
2655
2670
2674
2679
2686
2694
2709
2711
2720
2729
2730
2746
2749
2753
2754
2776
2786
2796
2798
2810
2814
2814
2814
2816
2823
2825
2830
2837
2840
2853
2859
2859
2872
2875
2876
2895
2907
2916
2918
2924
2926
2930
2934
2944
2966
2986
2990
2991
2996
2999
3046
3064
3071
3089
3097
3099
3106
3113
3114
3120
3140
3161
3165
3169
3176
3181
3193
3212
3216
3222
3237
3240
3240
3240
3242
3261
3270
3271
3281
3285
3303
3310
3313
3313
3340
3359
3364
3364
3366
3379
3381
3391
3402
3402
3424
3428
3457
3473
3481
3486
3508
3530
3534
3534
3569
3594
3601
3613
3614
3617
3638
3650
3664
3688
3700
3724
3728
3736
3746
3751
3755
3774
3785
3786
3792
3800
3804
3806
3815
3826
3833
3843
3859
3865
3885
3889
3896
3910
3917
3945
3948
3965
3973
3985
4004
4018
4019
4039
4069
4072
4076
4082
4089
4105
4130
4138
4157
4157
4158
4164
4183
4194
4237
4243
4263
4269
4281
4289
4292
4293
4298
4319
4324
4325
4326
4333
4353
4371
4381
4382
4386
4397
4400
4402
4408
4408
4417
4420
4421
4434
4438
4449
4458
4469
4469
4483
4486
4492
4525
4531
4537
4538
4539
4548
4562
4566
4566
4577
4589
4594
4596
4604
4634
4652
4662
4670
4673
4686
4686
4698
4699
4721
4734
4748
4760
4801
4809
4831
4832
4840
4857
4866
4877
4879
4909
4921
4928
4954
4960
4963
4977
4979
4993
4996
5010
5014
5017
5017
5020
5028
5029
5035
5035
5049
5050
5050
5062
5070
5082
5084
5087
5142
5146
5149
5151
5155
5159
5176
5180
5184
5184
5188
5215
5227
5237
5250
5260
5273
5276
5281
5286
5309
5312
5320
5332
5335
5336
5336
5341
5380
5396
5400
5407
5455
5475
5479
5487
5499
5509
5515
5515
5525
5535
5535
5545
5546
5547
5569
5570
5579
5582
5584
5585
5590
5594
5595
5610
5636
5662
5666
5668
5671
5696
5697
5717
5718
5724
5727
5729
5765
5770
5779
5795
5805
5846
5854
5861
5875
5877
5879
5904
5905
5942
5949
5961
5973
5974
5977
5979
5982
5984
5985
5986
6002
6011
6017
6024
6024
6028
6040
6045
6049
6068
6071
6072
6090
6093
6098
6115
6116
6126
6131
6132
6140
6157
6171
6193
6196
6200
6211
6237
6243
6254
6258
6274
6293
6320
6340
6350
6370
6370
6374
6416
6425
6430
6433
6446
6456
6462
6468
6473
6473
6477
6497
6523
6527
6535
6549
6556
6560
6562
6589
6593
6596
6601
6618
6622
6632
6646
6649
6651
6662
6663
6670
6690
6695
6697
6718
6721
6722
6730
6732
6739
6740
6750
6750
6752
6753
6760
6767
6797
6806
6827
6831
6832
6862
6866
6876
6878
6889
6891
6892
6898
6927
6930
6944
6946
6950
6990
6991
6997
6999
7000
7000
7040
7040
7045
7062
7089
7093
7119
7174
7178
7180
7198
7214
7225
7256
7301
7324
7327
7328
7329
7334
7350
7356
7364
7387
7398
7401
7408
7415
7429
7437
7437
7447
7448
7479
7482
7483
7491
7494
7499
7513
7516
7521
7525
7527
7531
7548
7553
7557
7559
7574
7595
7601
7611
7617
7622
7627
7647
7657
7701
7706
7712
7718
7724
7726
7727
7744
7748
7749
7759
7761
7771
7775
7783
7791
7801
7811
7819
7829
7839
7843
7843
7844
7858
7865
7871
7884
7947
7958
7968
7977
7979
7990
7992
8001
8009
8020
8032
8035
8038
8039
8040
8049
8058
8065
8065
8082
8105
8112
8120
8129
8168
8177
8183
8195
8198
8236
8238
8245
8259
8273
8282
8288
8309
8309
8315
8330
8336
8348
8363
8367
8368
8369
8374
8375
8400
8416
8439
8447
8451
8489
8500
8504
8563
8596
8604
8617
8626
8635
8640
8667
8683
8700
8727
8729
8759
8769
8776
8782
8793
8794
8805
8844
8852
8857
8860
8882
8906
8917
8950
8950
8952
8966
8982
8984
9014
9019
9024
9025
9042
9049
9062
9062
9066
9071
9093
9093
9110
9121
9144
9147
9153
9155
9175
9180
9197
9200
9201
9220
9226
9235
9235
9244
9245
9259
9267
9276
9299
9300
9304
9307
9308
9315
9318
9332
9353
9356
9376
9376
9382
9402
9412
9418
9422
9442
9460
9479
9480
9489
9491
9492
9495
9497
9506
9510
9525
9535
9554
9563
9570
9596
9601
9612
9620
9638
9643
9654
9661
9664
9681
9684
9696
9704
9718
9738
9784
9785
9792
9854
9863
9866
9869
9871
9875
9875
9881
9885
9896
9903
9906
9909
9919
9940
9954
9975
9975
9980
9999
10003
10030
10039
10054
10059
10060
10082
10085
10100
10112
10123
10126
10127
10130
10143
10169
10182
10199
10207
10223
10226
10227
10233
10240
10271
10284
10285
10292
10303
10304
10326
10336
10343
10345
10346
10356
10357
10360
10372
10387
10388
10390
10406
10425
10487
10502
10504
10507
10521
10522
10537
10541
10546
10548
10556
10560
10582
10597
10611
10634
10639
10644
10681
10705
10714
10731
10739
10739
10754
10762
10767
10778
10795
10799
10803
10811
10819
10820
10822
10830
10839
10845
10852
10854
10857
10871
10877
10879
10884
10887
10896
10902
10925
10929
10933
10958
11007
11012
11026
11064
11066
11087
11093
11096
11101
11136
11154
11155
11156
11180
11181
11191
11192
11193
11194
11197
11204
11264
11274
11283
11298
11302
11310
11327
11333
11337
11351
11361
11361
11364
11373
11386
11394
11442
11444
11466
11467
11494
11505
11517
11522
11532
11533
11537
11557
11566
11579
11583
11583
11596
11598
11615
11627
11632
11632
11638
11644
11647
11648
11661
11667
11668
11673
11697
11733
11754
11758
11759
11765
11766
11773
11783
11802
11810
11813
11820
11826
11829
11832
11833
11863
11865
11871
11878
11899
11899
11901
11930
11936
11949
11950
11954
11980
11993
12025
12027
12035
12039
12051
12080
12081
12086
12090
12091
12094
12108
12118
12121
12121
12129
12132
12133
12134
12149
12161
12170
12183
12188
12192
12195
12202
12207
12230
12235
12237
12238
12245
12246
12293
12307
12320
12338
12338
12349
12355
12356
12359
12364
12376
12383
12401
12405
12411
12412
12417
12419
12440
12449
12466
12467
12492
12523
12571
12573
12589
12595
12595
12607
12617
12654
12727
12729
12741
12746
12753
12773
12775
12784
12824
12826
12845
12871
12872
12874
12888
12898
12918
12924
12929
12956
12960
12966
12972
12992
13009
13015
13023
13040
13047
13050
13052
13078
13082
13082
13088
13088
13095
13115
13117
13136
13140
13143
13146
13148
13179
13183
13186
13196
13199
13202
13206
13215
13216
13235
13244
13246
13251
13261
13269
13296
13311
13314
13323
13348
13358
13360
13367
13372
13381
13393
13395
13417
13437
13442
13453
13465
13468
13492
13548
13548
13564
13564
13571
13574
13574
13577
13593
13594
13605
13614
13650
13651
13659
13683
13687
13696
13704
13712
13714
13722
13725
13725
13734
13738
13749
13795
13798
13799
13807
13813
13814
13820
13828
13835
13844
13849
13850
13855
13866
13869
13870
13911
13926
13927
13936
13977
14006
14026
14026
14028
14068
14071
14077
14082
14108
14111
14120
14158
14159
14181
14183
14186
14201
14221
14224
14231
14232
14233
14239
14249
14261
14271
14273
14292
14307
14322
14323
14331
14338
14351
14370
14376
14376
14384
14387
14393
14414
14432
14435
14436
14439
14464
14467
14491
14518
14526
14530
14553
14555
14568
14583
14613
14616
14623
14627
14647
14651
14654
14675
14675
14676
14677
14678
14685
14707
14711
14732
14733
14754
14762
14766
14779
14787
14796
14801
14811
14820
14821
14825
14834
14837
14839
14842
14882
14903
14915
14918
14930
14938
14945
14959
14972
14983
14985
14985
14986
14991
14994
14995
14997
15012
15014
15015
15037
15090
15091
15097
15101
15117
15124
15131
15134
15142
15151
15154
15156
15157
15160
15200
15204
15213
15216
15228
15238
15254
15272
15272
15277
15313
15323
15325
15325
15358
15359
15365
15388
15389
15403
15406
15408
15409
15422
15467
15477
15480
15491
15496
15510
15543
15556
15563
15565
15568
15574
15577
15577
15589
15600
15603
15608
15611
15612
15614
15615
15623
15624
15626
15630
15636
15642
15667
15669
15674
15678
15679
15685
15689
15694
15721
15747
15752
15752
15766
15774
15784
15791
15792
15798
15813
15822
15832
15833
15843
15849
15868
15873
15877
15887
15893
15896
15901
15904
15908
15935
15962
15964
15974
16000
16001
16001
16030
16030
16031
16040
16053
16054
16058
16060
16063
16071
16092
16115
16125
16161
16163
16166
16171
16172
16175
16180
16192
16193
16207
16207
16213
16221
16239
16239
16240
16243
16250
16285
16301
16313
16328
16334
16354
16361
16399
16418
16424
16435
16444
16473
16476
16497
16498
16507
16509
16511
16525
16527
16538
16554
16556
16564
16579
16579
16591
16611
16633
16640
16643
16659
16661
16665
16675
16676
16679
16686
16705
16710
16712
16727
16737
16741
16746
16756
16776
16786
16802
16810
16810
16830
16842
16843
16865
16872
16890
16898
16907
16947
16949
16985
17002
17003
17012
17018
17024
17028
17032
17035
17036
17040
17051
17052
17060
17089
17111
17121
17132
17139
17145
17152
17164
17171
17194
17194
17234
17248
17256
17266
17271
17273
17274
17288
17296
17302
17344
17345
17367
17383
17406
17406
17411
17423
17444
17449
17455
17469
17470
17488
17491
17519
17526
17529
17530
17534
17534
17540
17541
17543
17549
17560
17576
17596
17610
17613
17648
17653
17658
17658
17681
17746
17747
17756
17760
17792
17803
17809
17814
17814
17814
17839
17858
17864
17893
17895
17900
17904
17909
17917
17933
17933
17937
17941
17951
17959
17980
17999
18009
18011
18016
18032
18037
18042
18046
18058
18071
18078
18090
18112
18119
18121
18130
18183
18199
18205
18211
18211
18231
18248
18251
18253
18262
18280
18285
18298
18316
18334
18357
18384
18390
18399
18411
18418
18419
18423
18440
18452
18483
18483
18487
18492
18494
18510
18519
18525
18533
18559
18570
18578
18583
18606
18638
18660
18675
18689
18706
18706
18731
18734
18740
18773
18796
18797
18807
18841
18846
18851
18871
18885
18900
18905
18913
18931
18961
18962
18986
18987
18988
18988
18992
19000
19034
19037
19061
19098
19131
19137
19143
19145
19153
19153
19173
19193
19199
19207
19208
19210
19219
19220
19225
19229
19242
19243
19247
19255
19265
19274
19279
19284
19291
19309
19316
19318
19321
19328
19341
19360
19369
19389
19390
19396
19423
19424
19426
19439
19446
19465
19472
19479
19490
19513
19513
19517
19542
19559
19571
19605
19610
19616
19621
19636
19638
19657
19704
19706
19752
19753
19753
19754
19765
19799
19799
19815
19826
19834
19837
19841
19848
19853
19869
19876
19900
19906
19919
19924
19938
19949
19953
19959
19979
19983
19998
20002
20021
20052
20054
20059
20075
20078
20081
20086
20091
20101
20116
20117
20118
20132
20147
20170
20171
20172
20203
20214
20215
20218
20240
20253
20253
20265
20294
20296
20298
20311
20317
20340
20349
20352
20361
20390
20391
20405
20417
20424
20426
20440
20475
20507
20512
20513
20523
20533
20541
20552
20556
20558
20588
20591
20600
20611
20633
20648
20653
20655
20665
20669
20671
20679
20728
20730
20735
20746
20746
20748
20759
20783
20793
20802
20802
20810
20827
20828
20841
20844
20853
20881
20881
20887
20887
20902
20914
20921
20925
20928
20950
20965
20968
20982
20994
21002
21002
21002
21003
21006
21010
21016
21020
21028
21079
21083
21091
21093
21102
21114
21144
21154
21158
21203
21208
21226
21227
21235
21250
21258
21268
21269
21270
21275
21281
21292
21316
21321
21328
21332
21333
21334
21340
21341
21341
21342
21347
21355
21362
21362
21365
21368
21370
21409
21422
21433
21435
21439
21456
21461
21495
21525
21550
21560
21561
21589
21605
21620
21632
21635
21642
21650
21652
21665
21669
21671
21697
21709
21715
21740
21744
21747
21749
21762
21795
21815
21824
21863
21874
21894
21896
21899
21903
21905
21911
21914
21917
21947
21961
21964
21972
21996
22001
22028
22047
22051
22075
22084
22107
22111
22115
22116
22126
22127
22127
22147
22174
22176
22217
22222
22251
22262
22273
22291
22315
22321
22345
22349
22355
22356
22359
22376
22392
22398
22404
22416
22424
22424
22450
22456
22462
22469
22482
22482
22484
22508
22519
22522
22528
22535
22547
22556
22570
22570
22592
22598
22598
22603
22607
22610
22620
22636
22637
22638
22650
22672
22679
22685
22700
22726
22732
22740
22742
22766
22770
22782
22812
22843
22848
22863
22872
22878
22891
22895
22900
22901
22912
22923
22925
22927
22955
22956
22964
22966
22973
22977
22987
22999
23029
23029
23030
23036
23036
23038
23059
23073
23082
23101
23123
23130
23130
23136
23145
23157
23159
23159
23175
23181
23183
23197
23204
23206
23213
23215
23217
23221
23221
23223
23236
23237
23238
23254
23257
23261
23265
23266
23281
23283
23288
23302
23304
23314
23320
23357
23378
23380
23394
23395
23442
23450
23453
23461
23462
23474
23486
23499
23535
23591
23597
23599
23603
23611
23629
23630
23639
23649
23700
23710
23718
23727
23735
23736
23738
23741
23744
23757
23775
23791
23809
23812
23834
23837
23849
23858
23861
23861
23883
23886
23889
23891
23896
23903
23905
23917
23941
23941
23953
23957
23959
23986
23995
24003
24025
24032
24044
24061
24069
24071
24083
24091
24098
24116
24129
24136
24155
24160
24163
24164
24169
24170
24170
24181
24187
24189
24199
24208
24209
24216
24216
24221
24244
24266
24290
24294
24336
24337
24357
24374
24383
24390
24395
24410
24457
24457
24483
24490
24493
24494
24507
24510
24510
24512
24512
24526
24531
24532
24537
24577
24578
24580
24590
24591
24607
24632
24647
24649
24658
24663
24680
24683
24688
24691
24693
24707
24711
24716
24716
24740
24755
24757
24757
24759
24769
24771
24778
24784
24787
24788
24805
24809
24827
24840
24863
24872
24873
24875
24883
24907
24911
24920
24929
24947
24963
24964
24967
24969
24970
24979
25002
25009
25012
25015
25020
25046
25047
25065
25104
25107
25120
25122
25165
25166
25168
25171
25176
25201
25207
25218
25225
25240
25248
25248
25251
25273
25275
25288
25289
25297
25309
25313
25331
25342
25363
25383
25397
25404
25406
25411
25419
25422
25422
25427
25428
25435
25436
25439
25462
25494
25508
25515
25546
25548
25548
25558
25559
25561
25568
25568
25578
25598
25600
25630
25648
25655
25656
25661
25682
25692
25725
25741
25752
25767
25773
25790
25793
25795
25829
25833
25834
25835
25852
25861
25864
25896
25910
25911
25921
25942
25947
25947
25949
25955
25960
25963
25972
25974
25978
25984
26006
26008
26038
26053
26053
26055
26088
26097
26105
26110
26125
26126
26142
26152
26159
26174
26180
26189
26220
26225
26239
26275
26312
26325
26328
26351
26354
26354
26376
26382
26415
26448
26452
26459
26461
26462
26465
26468
26485
26489
26498
26504
26505
26511
26514
26520
26521
26524
26526
26534
26547
26562
26564
26581
26584
26610
26618
26644
26655
26658
26664
26675
26678
26696
26699
26704
26707
26721
26725
26736
26745
26776
26777
26778
26787
26792
26801
26808
26811
26811
26818
26819
26825
26826
26831
26836
26837
26840
26844
26864
26884
26887
26896
26899
26900
26905
26920
26938
26943
26952
26975
26987
27002
27009
27016
27016
27026
27061
27062
27069
27075
27082
27087
27090
27093
27108
27124
27151
27156
27173
27194
27196
27197
27199
27211
27213
27222
27245
27256
27258
27272
27279
27286
27302
27322
27326
27336
27350
27363
27396
27400
27403
27407
27413
27413
27417
27419
27424
27441
27442
27485
27492
27519
27523
27524
27542
27548
27548
27549
27553
27583
27596
27598
27603
27619
27621
27640
27659
27666
27679
27710
27774
27779
27803
27817
27821
27822
27823
27838
27843
27855
27856
27859
27861
27862
27863
27876
27889
27893
27897
27902
27942
27954
27955
27963
27978
27996
28007
28009
28051
28079
28082
28110
28141
28151
28157
28166
28176
28224
28225
28254
28254
28260
28264
28276
28278
28282
28290
28294
28306
28318
28325
28331
28345
28356
28366
28402
28402
28404
28411
28414
28429
28443
28456
28473
28482
28486
28496
28501
28502
28509
28511
28542
28578
28587
28598
28613
28622
28630
28661
28678
28681
28699
28711
28711
28732
28744
28751
28770
28784
28787
28792
28792
28798
28801
28817
28824
28827
28840
28844
28845
28860
28879
28881
28886
28912
28931
28939
28941
28952
28958
28966
28967
28982
28987
29010
29014
29018
29022
29025
29032
29038
29057
29063
29069
29070
29079
29083
29083
29095
29095
29096
29131
29155
29165
29172
29173
29174
29180
29182
29198
29221
29221
29229
29239
29246
29249
29262
29266
29268
29277
29288
29289
29331
29335
29341
29348
29350
29378
29402
29412
29415
29446
29464
29509
29518
29525
29537
29556
29593
29614
29621
29635
29637
29664
29665
29696
29743
29767
29768
29778
29778
29780
29794
29811
29815
29828
29840
29853
29864
29874
29892
29894
29900
29908
29915
29937
29950
29957
29958
29960
29980
30007
30019
30027
30028
30047
30059
30065
30066
30068
30089
30100
30109
30114
30121
30127
30131
30139
30144
30147
30156
30156
30177
30188
30198
30201
30206
30246
30253
30260
30264
30266
30287
30301
30311
30315
30318
30322
30342
30344
30355
30357
30360
30373
30410
30418
30427
30427
30437
30451
30467
30468
30479
30480
30484
30490
30506
30518
30526
30528
30564
30565
30589
30591
30601
30602
30616
30618
30646
30650
30652
30657
30658
30677
30682
30690
30707
30708
30716
30741
30743
30752
30754
30759
30769
30777
30777
30781
30784
30798
30815
30822
30825
30829
30829
30849
30870
30872
30874
30886
30893
30912
30943
30946
30958
30959
30975
31001
31004
31027
31043
31044
31046
31056
31057
31059
31092
31111
31112
31116
31128
31143
31172
31172
31197
31200
31200
31223
31226
31239
31240
31273
31279
31282
31284
31288
31303
31306
31306
31308
31310
31331
31344
31361
31363
31364
31404
31410
31413
31422
31423
31429
31450
31454
31455
31480
31492
31500
31540
31542
31544
31566
31570
31594
31603
31618
31634
31661
31666
31676
31713
31719
31722
31751
31772
31794
31833
31854
31860
31874
31874
31875
31882
31901
31903
31945
31955
31957
31966
31970
31973
32000
32018
32044
32047
32055
32064
32073
32076
32089
32095
32096
32103
32121
32143
32143
32148
32161
32165
32171
32179
32187
32193
32200
32213
32255
32262
32270
32274
32289
32299
32300
32302
32305
32308
32314
32331
32389
32392
32406
32408
32421
32422
32427
32430
32459
32465
32483
32498
32500
32502
32534
32537
32543
32561
32580
32581
32602
32613
32626
32633
32636
32640
32642
32661
32679
32680
32681
32711
32715
32718
32718
32723
32735
32739
32746
32757
32759
32763
32764
32783
32795
32800
32804
32805
32806
32810
32815
32821
32833
32843
32863
32871
32874
32908
32908
32913
32915
32928
32937
32939
32954
32967
32969
32977
32990
32992
33002
33002
33010
33014
33018
33031
33043
33048
33055
33060
33066
33067
33068
33101
33118
33121
33139
33142
33150
33171
33195
33197
33211
33228
33230
33234
33245
33271
33286
33303
33304
33305
33306
33307
33327
33328
33330
33337
33346
33352
33363
33370
33377
33403
33406
33418
33420
33431
33455
33464
33483
33520
33536
33546
33567
33575
33579
33602
33603
33610
33626
33629
33647
33662
33664
33666
33677
33685
33693
33696
33708
33709
33711
33717
33718
33730
33731
33753
33758
33758
33776
33789
33798
33807
33828
33829
33842
33853
33853
33855
33856
33858
33871
33878
33884
33890
33894
33910
33956
33963
33964
33971
33975
33980
33981
33984
33986
33994
34006
34019
34025
34031
34034
34071
34076
34092
34094
34097
34110
34123
34125
34129
34130
34130
34137
34151
34154
34161
34164
34165
34176
34180
34181
34205
34209
34209
34229
34233
34248
34254
34256
34265
34279
34280
34284
34296
34297
34312
34320
34345
34347
34350
34363
34369
34372
34374
34376
34412
34414
34433
34437
34448
34454
34464
34477
34487
34495
34496
34558
34566
34572
34605
34608
34631
34634
34641
34643
34664
34676
34693
34704
34705
34710
34710
34718
34723
34733
34737
34743
34754
34773
34778
34783
34805
34806
34809
34814
34816
34821
34824
34846
34847
34849
34855
34857
34860
34866
34875
34879
34879
34881
34892
34896
34897
34902
34918
34929
34952
34971
35013
35017
35018
35033
35047
35068
35076
35084
35089
35109
35121
35121
35122
35161
35198
35211
35224
35233
35253
35255
35276
35295
35299
35308
35325
35329
35354
35354
35376
35383
35390
35396
35428
35437
35477
35502
35512
35515
35524
35527
35529
35529
35533
35534
35534
35540
35557
35558
35563
35563
35567
35581
35595
35600
35605
35606
35611
35612
35616
35619
35634
35642
35654
35664
35668
35698
35713
35713
35723
35724
35725
35728
35730
35743
35744
35746
35793
35801
35801
35804
35809
35820
35822
35837
35843
35852
35888
35900
35902
35925
35940
35949
35962
35967
35976
35981
35988
35993
35994
35999
36013
36052
36059
36063
36070
36072
36091
36095
36102
36103
36128
36144
36154
36169
36188
36196
36198
36212
36212
36223
36227
36237
36245
36246
36246
36255
36262
36276
36278
36279
36281
36289
36299
36300
36303
36305
36315
36326
36345
36351
36351
36360
36382
36385
36420
36436
36442
36443
36445
36451
36452
36458
36458
36477
36492
36496
36499
36500
36501
36508
36513
36524
36542
36554
36568
36569
36571
36572
36573
36575
36589
36605
36609
36619
36625
36632
36641
36659
36698
36717
36724
36729
36733
36758
36761
36784
36824
36826
36826
36844
36845
36864
36871
36872
36880
36893
36908
36933
36938
36959
36976
36982
36985
37000
37013
37019
37034
37054
37055
37059
37065
37066
37068
37074
37086
37100
37101
37103
37103
37106
37107
37116
37118
37120
37128
37142
37164
37193
37214
37216
37217
37227
37238
37238
37245
37256
37295
37297
37307
37317
37325
37333
37333
37356
37367
37370
37394
37403
37404
37419
37439
37452
37462
37464
37467
37473
37490
37508
37509
37528
37538
37542
37542
37550
37560
37572
37575
37576
37622
37626
37633
37638
37643
37653
37655
37656
37664
37682
37682
37694
37697
37702
37708
37711
37718
37738
37741
37767
37778
37782
37799
37807
37811
37818
37837
37852
37853
37866
37871
37872
37888
37892
37907
37912
37915
37916
37935
37966
37970
37984
37985
37999
38003
38006
38008
38008
38009
38035
38044
38050
38052
38074
38075
38098
38109
38120
38137
38164
38164
38172
38173
38179
38189
38198
38199
38204
38205
38209
38217
38223
38223
38225
38226
38228
38231
38247
38251
38275
38282
38300
38302
38315
38318
38324
38339
38352
38353
38371
38379
38385
38406
38436
38441
38445
38458
38515
38524
38528
38533
38558
38577
38588
38590
38605
38606
38607
38612
38619
38636
38670
38679
38680
38681
38681
38682
38686
38696
38704
38705
38709
38711
38715
38731
38752
38753
38755
38772
38775
38781
38788
38795
38796
38801
38803
38826
38834
38834
38842
38845
38845
38849
38866
38873
38889
38898
38906
38909
38916
38917
38930
38959
38960
38965
38988
38988
38988
38992
38997
39001
39005
39012
39021
39046
39058
39069
39078
39081
39124
39150
39150
39155
39163
39165
39185
39219
39237
39243
39255
39262
39274
39288
39296
39304
39304
39326
39330
39362
39363
39364
39365
39419
39425
39441
39450
39451
39458
39471
39503
39522
39524
39530
39531
39535
39538
39541
39555
39558
39560
39573
39580
39583
39587
39589
39605
39617
39620
39625
39627
39639
39646
39655
39666
39666
39668
39670
39671
39683
39684
39694
39719
39728
39728
39763
39764
39770
39777
39780
39780
39788
39788
39791
39794
39804
39822
39848
39850
39867
39869
39891
39902
39909
39916
39919
39938
39938
39944
39972
39974
39976
39981
39983
40004
40034
40039
40040
40041
40057
40058
40078
40082
40092
40094
40104
40128
40133
40148
40149
40159
40170
40181
40186
40187
40192
40214
40216
40219
40229
40240
40257
40259
40287
40288
40294
40311
40320
40330
40337
40339
40341
40350
40376
40380
40381
40392
40397
40400
40423
40425
40451
40452
40459
40462
40463
40469
40469
40494
40498
40500
40542
40553
40554
40559
40563
40574
40596
40612
40616
40631
40635
40636
40653
40655
40656
40674
40686
40690
40694
40695
40707
40713
40724
40725
40736
40745
40747
40753
40754
40767
40773
40780
40784
40790
40802
40813
40822
40840
40848
40852
40861
40887
40889
40894
40906
40919
40975
40976
40992
41002
41021
41025
41029
41031
41037
41040
41051
41052
41059
41074
41076
41077
41079
41091
41098
41099
41143
41148
41149
41155
41168
41170
41172
41189
41191
41197
41212
41221
41232
41239
41246
41248
41249
41268
41268
41289
41297
41335
41345
41351
41356
41358
41362
41373
41394
41411
41421
41452
41474
41486
41489
41504
41506
41513
41521
41533
41541
41545
41568
41578
41580
41588
41615
41616
41629
41637
41640
41645
41670
41679
41687
41714
41720
41728
41729
41753
41753
41758
41762
41766
41767
41768
41778
41784
41785
41791
41816
41824
41825
41840
41855
41858
41862
41864
41865
41878
41880
41881
41886
41892
41927
41935
41937
41939
41977
41992
42005
42012
42012
42016
42057
42072
42075
42076
42090
42099
42120
42124
42124
42126
42154
42156
42158
42187
42188
42192
42207
42222
42227
42229
42233
42254
42257
42265
42279
42282
42282
42285
42326
42327
42348
42360
42370
42379
42380
42385
42409
42417
42418
42419
42434
42451
42458
42460
42460
42485
42500
42509
42525
42526
42531
42531
42540
42542
42547
42552
42570
42585
42587
42599
42622
42623
42642
42643
42680
42687
42698
42699
42703
42720
42722
42725
42739
42764
42768
42771
42792
42795
42841
42844
42852
42860
42860
42868
42871
42889
42896
42902
42910
42915
42935
42938
42940
42946
42971
42980
42990
43007
43007
43008
43026
43027
43040
43070
43081
43082
43084
43102
43117
43128
43130
43149
43166
43189
43190
43197
43200
43203
43215
43215
43230
43231
43238
43255
43273
43283
43285
43285
43313
43316
43318
43320
43329
43336
43339
43339
43352
43358
43367
43367
43393
43394
43397
43412
43413
43436
43444
43465
43479
43497
43499
43502
43504
43505
43511
43511
43519
43532
43534
43535
43560
43561
43577
43603
43615
43623
43631
43636
43642
43656
43663
43677
43682
43685
43702
43704
43708
43709
43713
43727
43730
43754
43762
43770
43780
43783
43788
43800
43809
43828
43836
43845
43855
43864
43868
43877
43877
43881
43895
43896
43912
43926
43931
43940
43942
43945
43951
43991
44017
44020
44045
44055
44058
44064
44106
44118
44124
44126
44127
44183
44190
44190
44193
44194
44194
44203
44206
44206
44211
44224
44243
44244
44246
44248
44262
44270
44278
44283
44294
44298
44313
44341
44377
44380
44399
44400
44411
44411
44413
44446
44446
44464
44473
44499
44514
44517
44548
44548
44559
44597
44617
44632
44635
44639
44640
44640
44653
44654
44657
44679
44699
44702
44719
44737
44745
44756
44763
44775
44778
44793
44801
44808
44821
44829
44860
44866
44869
44872
44879
44882
44882
44888
44889
44892
44893
44904
44908
44913
44932
44935
44946
44962
44969
44973
44989
44994
44995
45001
45002
45014
45038
45041
45067
45067
45068
45085
45089
45089
45091
45092
45097
45100
45112
45120
45130
45139
45141
45147
45148
45163
45172
45183
45222
45222
45242
45251
45261
45261
45268
45278
45283
45284
45288
45290
45298
45300
45303
45313
45314
45324
45328
45338
45342
45348
45357
45371
45378
45379
45400
45438
45442
45454
45468
45470
45472
45517
45518
45520
45522
45525
45526
45529
45531
45552
45557
45578
45591
45593
45596
45598
45607
45614
45628
45638
45640
45641
45659
45665
45676
45680
45687
45689
45690
45690
45690
45697
45701
45741
45749
45754
45771
45777
45782
45804
45816
45846
45850
45873
45875
45877
45879
45889
45889
45909
45918
45922
45927
45965
45986
45996
45998
46004
46005
46009
46010
46013
46019
46059
46065
46069
46109
46116
46127
46143
46154
46173
46187
46211
46228
46247
46252
46254
46256
46282
46351
46352
46353
46362
46363
46371
46371
46371
46380
46382
46383
46410
46430
46435
46439
46441
46475
46480
46497
46524
46529
46549
46559
46559
46560
46561
46564
46570
46576
46578
46592
46592
46593
46597
46609
46668
46674
46690
46695
46710
46727
46746
46752
46754
46768
46775
46775
46776
46782
46783
46788
46794
46794
46803
46835
46847
46851
46852
46854
46855
46865
46880
46900
46915
46916
46923
46953
46971
47014
47021
47025
47049
47054
47055
47056
47086
47123
47129
47142
47145
47152
47170
47179
47209
47229
47234
47253
47260
47264
47264
47272
47276
47289
47289
47299
47303
47305
47317
47318
47334
47344
47354
47375
47384
47386
47387
47400
47404
47452
47453
47463
47481
47484
47488
47512
47512
47518
47519
47530
47532
47550
47559
47575
47578
47580
47581
47586
47593
47613
47623
47633
47638
47648
47651
47671
47693
47701
47705
47718
47719
47721
47739
47754
47779
47785
47823
47830
47831
47832
47838
47840
47845
47855
47885
47887
47903
47906
47910
47911
47913
47930
47939
47968
47990
47993
48003
48004
48008
48017
48026
48039
48067
48078
48079
48080
48089
48091
48106
48114
48116
48135
48147
48153
48160
48166
48178
48196
48211
48236
48237
48240
48254
48272
48300
48305
48311
48320
48331
48358
48390
48414
48420
48421
48443
48445
48530
48536
48553
48554
48558
48572
48577
48601
48610
48616
48617
48617
48635
48666
48673
48675
48676
48684
48705
48709
48719
48721
48725
48727
48748
48777
48799
48807
48822
48825
48826
48835
48836
48845
48860
48861
48865
48885
48902
48911
48924
48938
48943
48945
48945
48952
48967
48970
49008
49012
49013
49028
49041
49055
49057
49077
49079
49100
49116
49117
49122
49122
49137
49149
49151
49158
49174
49183
49209
49217
49225
49228
49258
49275
49281
49290
49291
49293
49297
49303
49304
49308
49316
49323
49339
49365
49368
49380
49380
49383
49408
49428
49445
49450
49452
49461
49462
49465
49476
49538
49560
49564
49567
49569
49587
49591
49595
49599
49611
49618
49635
49645
49648
49654
49658
49659
49667
49669
49688
49696
49721
49721
49746
49755
49758
49758
49762
49774
49779
49787
49800
49814
49837
49850
49859
49864
49866
49873
49876
49876
49887
49888
49908
49955
49956
49957
49979
49980
49981
49989